# Created by Octave 4.2.2, Mon Nov 25 17:31:47 2019 CST <ragnar@DEVSTATION>
# name: A
# type: matrix
# rows: 3
# columns: 3
 1 2 3
 4 5 6
 7 8 9


